% paulix matrix for spin 1    
s1_x = [0, 1, 0;  1, 0, 1;  0, 1, 0] ./ sqrt(2);
s1_y = [0, 1, 0; -1, 0, 1;  0,-1, 0] ./ sqrt(2) ./ 1i;
s1_z = [1, 0, 0;  0, 0, 0;  0, 0,-1];
s1_I = [1, 0, 0;  0, 1, 0;  0, 0, 1]; 